aso,+98 910 688 0593
ehs,+98 912 045 9803
ash,+98 918 999 8168
maji,+98 918 738 7314

aso,+98 910 688 0593
ehs,+98 912 045 9803
ash,+98 918 999 8168
maji,+98 918 738 7314

aso,+98 910 688 0593
ehs,+98 912 045 9803
ash,+98 918 999 8168
maji,+98 918 738 7314

aso,+98 910 688 0593
ehs,+98 912 045 9803
ash,+98 918 999 8168
maji,+98 918 738 7314
6277601401999303
aso,+98 910 688 0593
ehs,+98 912 045 9803
ash,+98 918 999 8168
maji,+98 918 738 7314

aso,+98 910 688 0593
ehs,+98 912 045 9803
ash,+98 918 999 8168
maji,+98 918 738 7314

